311252977 81299 63775
311252977 81295 63780
311252977 81294 63783
311252977 81288 63776
311252977 81288 63782
311252977 81271 63774
311252977 81280 63781
311252977 81273 63781
311252977 81268 63771
311252977 81176 63675
311252977 81237 63737
311252977 81245 63746
311252977 81254 63764
311252977 81243 63767
311252977 81245 63769
311252977 81227 63765
311252977 81249 63772
311252977 81260 63791
311252977 81236 63771
311252977 81257 63790
311252977 81238 63776
311252977 81252 63783
311252977 81233 63786
311252977 81216 63781
311252977 81227 63788
311252977 81201 63769
311252977 81192 63767
311252977 81204 63779
311252977 81204 63790
311252977 81231 63820
311252977 81238 63835
311252977 81238 63847
311252977 81244 63848
311252977 81254 63854
311252977 81239 63864
311252977 81236 63863
311252977 81249 63868
311252977 81243 63875
311252977 81237 63881
311252977 81223 63883
311252977 81236 63885
311252977 81241 63901
311252977 81246 63901
311252977 81256 63916
311252977 81241 63927
311252977 81256 63927
311252977 81256 63939
311252977 81256 63961
311252977 81260 63965
311252977 81276 63973
311252977 81275 63979
311252977 81274 63994
311252977 81261 63992
311252977 81268 63997
311252977 81266 64002
311252977 81258 64015
311252977 81271 64017
311252977 81270 64016
311252977 81259 64019
311252977 81247 64004
311252977 81224 64005
311252977 81231 64011
311252977 81226 64009
311252977 81231 64021
311252977 81238 64036
311252977 81233 64030
311252977 81209 64015
311252977 81210 64014
311252977 81213 64050
311252977 81232 64072
311252977 81232 64067
311252977 81226 64062
311252977 81226 64079
311252977 81233 64082
311252977 81234 64097
311252977 81228 64096
311252977 81228 64101
311252977 81196 64083
311252977 81202 64088
311252977 81207 64090
311252977 81196 64097
311252977 81200 64099
311252977 81200 64102
311252977 81201 64097
311252977 81198 64108
311252977 81202 64112
311252977 81205 64115
311252977 81197 64123
311252977 81201 64115
311252977 81189 64123
311252977 81188 64124
311252977 81209 64134
311252977 81208 64151
311252977 81207 64152
311252977 81204 64154
311252977 81205 64165
311252977 81207 64164
311252977 81204 64171
311252977 81206 64182
311252977 81213 64184
311252977 81205 64178
311252977 81203 64177
311252977 81217 64185
311252977 81203 64189
311252977 81192 64191
311252977 81198 64201
311252977 81176 64180
311252977 81188 64185
311252977 81183 64187
311252977 81177 64177
311252977 81173 64185
311252977 81153 64166
311252977 81143 64158
311252977 81135 64165
311252977 81145 64169
311252977 81146 64177
311252977 81102 64136
311252977 81113 64132
311252977 81138 64177
311252977 81135 64185
311252977 81116 64166
311252977 81119 64179
311252977 81139 64193
311252977 81166 64223
311252977 81185 64241
311252977 81172 64244
311252977 81208 64267
311252977 81190 64263
311252977 81191 64266
311252977 81178 64268
311252977 81184 64267
311252977 81186 64276
311252977 81146 64234
311252977 81143 64225
311252977 81174 64258
311252977 81167 64261
311252977 81169 64274
311252977 81157 64269
311252977 81141 64248
311252977 81142 64254
311252977 81152 64273
311252977 81168 64275
311252977 81090 64184
311252977 81084 64191
311252977 81113 64223
311252977 81140 64277
311252977 81168 64288
311252977 81139 64276
311252977 81150 64287
311252977 81172 64304
311252977 81153 64290
311252977 81123 64261
311252977 81127 64267
311252977 81118 64282
311252977 81111 64256
311252977 81101 64253
311252977 81117 64269
311252977 81128 64285
311252977 81138 64299
311252977 81139 64303
311252977 81144 64307
311252977 81122 64305
311252977 81129 64294
311252977 81125 64293
311252977 81112 64284
311252977 81121 64306
311252977 81134 64315
311252977 81141 64318
311252977 81128 64319
311252977 81121 64328
311252977 81132 64311
311252977 81124 64311
311252977 81141 64337
311252977 81148 64352
311252977 81159 64364
311252977 81164 64364
311252977 81154 64355
311252977 81134 64364
311252977 81149 64369
311252977 81150 64366
311252977 81157 64375
311252977 81156 64373
311252977 81163 64377
311252977 81147 64370
311252977 81136 64368
311252977 81117 64348
311252977 81128 64360
311252977 81133 64359
311252977 81125 64362
311252977 81117 64356
311252977 81131 64382
311252977 81155 64385
311252977 81135 64382
311252977 81125 64370
311252977 81129 64369
311252977 81132 64369
311252977 81118 64368
311252977 81119 64364
311252977 81102 64354
311252977 81111 64354
311252977 81110 64359
311252977 81098 64358
311252977 81101 64356
311252977 81104 64352
311252977 81108 64355
311252977 81105 64356
311252977 81104 64364
311252977 81101 64358
311252977 81115 64363
311252977 81108 64380
311252977 81113 64369
311252977 81114 64375
311252977 81120 64374
311252977 81110 64376
311252977 81105 64381
311252977 81105 64379
311252977 81115 64388
311252977 81122 64401
311252977 81133 64402
311252977 81137 64407
311252977 81129 64409
311252977 81125 64408
311252977 81120 64404
311252977 81123 64411
311252977 81134 64413
311252977 81130 64418
311252977 81140 64438
311252977 81132 64423
311252977 81133 64430
311252977 81129 64437
311252977 81140 64447
311252977 81149 64455
311252977 81149 64450
311252977 81155 64457
311252977 81151 64460
311252977 81157 64465
311252977 81146 64461
311252977 81130 64451
311252977 81111 64441
311252977 81145 64461
311252977 81161 64477
311252977 81124 64447
311252977 81123 64448
311252977 81098 64421
311252977 81095 64417
311252977 81096 64412
311252977 81088 64420
311252977 81071 64381
311252977 81073 64399
311252977 81072 64393
311252977 81086 64410
311252977 81084 64411
311252977 81051 64370
311252977 80979 64294
311252977 80946 64273
311252977 80944 64266
311252977 80987 64305
311252977 80991 64317
311252977 80988 64315
311252977 80994 64318
311252977 80988 64317
311252977 81003 64328
311252977 81009 64352
311252977 81002 64317
311252977 80934 64253
311252977 80934 64259
311252977 81032 64358
311252977 81056 64382
311252977 80880 64188
311252977 80759 64061
311252977 80891 64212
311252977 80879 64189
311252977 80743 64033
311252977 80739 64041
311252977 80783 64093
311252977 80770 64089
311252977 80819 64120
311252977 80821 64132
311252977 80864 64183
311252977 80875 64183
311252977 80912 64216
311252977 80911 64238
311252977 80955 64281
311252977 80949 64281
311252977 80966 64291
311252977 80983 64303
311252977 81025 64348
311252977 81045 64375
311252977 81047 64372
311252977 81055 64381
311252977 81071 64407
311252977 81070 64401
311252977 81092 64403
311252977 81090 64408
311252977 81063 64382
311252977 81076 64391
311252977 81069 64380
311252977 81075 64385
311252977 81084 64395
311252977 81081 64400
311252977 81101 64412
311252977 81104 64407
311252977 81102 64397
311252977 81120 64420
311252977 81105 64409
311252977 81116 64419
311252977 81142 64441
311252977 81145 64458
311252977 81155 64456
311252977 81153 64453
311252977 81162 64455
311252977 81161 64464
311252977 81161 64459
311252977 81177 64477
311252977 81163 64455
311252977 81188 64504
311252977 81156 64440
311252977 81077 64352
311252977 81129 64394
311252977 81162 64444
311252977 81176 64461
311252977 81190 64463
311252977 81179 64456
311252977 81159 64443
311252977 81172 64435
311252977 81138 64421
311252977 81165 64444
311252977 81193 64453
311252977 81171 64443
311252977 81177 64456
311252977 81178 64452
311252977 81174 64439
311252977 81168 64434
311252977 81164 64430
311252977 81184 64446
311252977 81173 64445
311252977 81188 64464
311252977 81199 64458
311252977 81200 64467
311252977 81196 64453
311252977 81108 64352
311252977 81100 64352
311252977 81154 64406
311252977 81171 64437
311252977 81171 64449
311252977 81174 64435
311252977 81174 64433
311252977 81151 64406
311252977 81135 64395
311252977 81145 64401
311252977 81156 64403
311252977 81134 64388
311252977 81124 64399
311252977 81143 64398
311252977 81154 64402
311252977 81141 64396
311252977 81158 64405
311252977 81170 64420
311252977 81197 64450
311252977 81198 64455
311252977 81199 64469
311252977 81222 64490
311252977 81211 64465
311252977 81194 64449
311252977 81211 64475
311252977 81214 64478
311252977 81221 64469
311252977 81220 64479
311252977 81235 64499
311252977 81244 64508
311252977 81250 64500
311252977 81240 64495
311252977 81236 64496
311252977 81222 64485
311252977 81239 64485
311252977 81222 64475
311252977 81226 64479
311252977 81220 64473
311252977 81220 64469
311252977 81210 64453
311252977 81202 64446
311252977 81210 64453
311252977 81194 64443
311252977 81190 64434
311252977 81193 64444
311252977 81187 64420
311252977 81165 64409
311252977 81169 64396
311252977 81084 64308
311252977 81080 64305
311252977 81110 64335
311252977 81139 64364
311252977 81168 64402
311252977 81163 64402
311252977 81163 64391
311252977 81159 64387
311252977 81155 64380
311252977 81158 64378
311252977 81154 64371
311252977 81152 64376
311252977 81151 64386
311252977 81160 64383
311252977 81168 64391
311252977 81159 64391
311252977 81185 64404
311252977 81169 64400
311252977 81180 64403
311252977 81185 64410
311252977 81182 64414
311252977 81191 64422
311252977 81202 64424
311252977 81197 64429
311252977 81202 64425
311252977 81203 64437
311252977 81196 64431
311252977 81206 64435
311252977 81212 64440
311252977 81198 64415
311252977 81179 64415
311252977 81185 64416
311252977 81201 64425
311252977 81181 64425
311252977 81199 64427
311252977 81205 64441
311252977 81203 64439
311252977 81215 64441
311252977 81217 64443
311252977 81206 64451
311252977 81210 64445
311252977 81216 64464
311252977 81214 64450
311252977 81206 64444
311252977 81209 64446
311252977 81216 64448
311252977 81227 64464
311252977 81217 64460
311252977 81217 64459
311252977 81207 64467
311252977 81204 64458
311252977 81208 64452
311252977 81207 64455
311252977 81200 64450
311252977 81181 64439
311252977 81199 64451
311252977 81213 64466
311252977 81208 64474
311252977 81208 64473
311252977 81204 64463
311252977 81208 64464
311252977 81203 64454
311252977 81190 64473
311252977 81196 64456
311252977 81201 64461
311252977 81204 64470
311252977 81204 64463
311252977 81206 64466
311252977 81204 64461
311252977 81189 64454
311252977 81182 64456
311252977 81197 64459
311252977 81190 64454
311252977 81194 64456
311252977 81195 64446
311252977 81179 64439
311252977 81261 64523
311252977 81277 64557
311252977 81250 64531
311252977 81221 64487
311252977 81231 64486
311252977 81279 64528
311252977 81281 64541
311252977 81248 64503
311252977 81238 64498
311252977 81265 64519
311252977 81236 64512
311252977 81205 64448
311252977 81174 64424
311252977 81161 64413
311252977 81189 64426
311252977 81162 64404
311252977 81189 64438
311252977 81197 64444
311252977 81183 64428
311252977 81152 64386
311252977 81134 64368
311252977 81151 64374
311252977 81153 64382
311252977 81158 64379
311252977 81154 64379
311252977 81152 64379
311252977 81146 64374
311252977 81152 64360
311252977 81144 64363
311252977 81185 64387
311252977 81197 64394
311252977 81183 64392
311252977 81193 64386
311252977 81185 64380
311252977 81183 64379
311252977 81174 64363
311252977 81174 64377
311252977 81179 64362
311252977 81177 64365
311252977 81170 64373
311252977 81201 64370
311252977 81197 64383
311252977 81205 64392
311252977 81201 64382
311252977 81218 64389
311252977 81220 64398
311252977 81215 64392
311252977 81206 64394
311252977 81230 64397
311252977 81236 64399
311252977 81239 64407
311252977 81232 64400
311252977 81224 64399
311252977 81226 64391
311252977 81235 64395
311252977 81226 64392
311252977 81235 64391
311252977 81230 64394
311252977 81237 64393
311252977 81239 64396
311252977 81238 64400
311252977 81242 64393
311252977 81231 64392
311252977 81240 64393
311252977 81244 64401
311252977 81256 64406
311252977 81256 64416
311252977 81252 64407
311252977 81241 64403
311252977 81243 64400
311252977 81262 64413
311252977 81237 64412
311252977 81227 64389
311252977 81240 64408
311252977 81246 64414
311252977 81257 64413
311252977 81242 64410
311252977 81256 64412
311252977 81239 64410
311252977 81240 64416
311252977 81245 64409
311252977 81236 64410
311252977 81238 64404
311252977 81232 64407
311252977 81235 64399
311252977 81232 64409
311252977 81226 64405
311252977 81222 64416
311252977 81228 64415
311252977 81227 64419
311252977 81227 64433
311252977 81235 64425
311252977 81223 64427
311252977 81237 64440
311252977 81252 64465
311252977 81245 64463
311252977 81248 64463
311252977 81265 64466
311252977 81261 64476
311252977 81273 64481
311252977 81258 64479
311252977 81274 64487
311252977 81274 64492
311252977 81270 64492
311252977 81266 64486
311252977 81280 64492
311252977 81283 64501
311252977 81290 64509
311252977 81279 64510
311252977 81286 64512
311252977 81300 64511
311252977 81295 64514
311252977 81279 64507
311252977 81309 64518
311252977 81291 64515
311252977 81299 64520
311252977 81297 64526
311252977 81313 64523
311252977 81303 64508
311252977 81300 64503
311252977 81305 64487
311252977 81320 64526
311252977 81322 64528
311252977 81336 64543
311252977 81308 64526
311252977 81311 64508
311252977 81320 64518
311252977 81316 64508
311252977 81320 64510
311252977 81324 64517
311252977 81332 64511
311252977 81339 64528
311252977 81336 64530
311252977 81346 64529
311252977 81342 64526
311252977 81346 64526
311252977 81340 64527
311252977 81338 64528
311252977 81345 64513
311252977 81346 64519
311252977 81354 64520
311252977 81362 64524
311252977 81360 64519
311252977 81364 64520
311252977 81358 64510
311252977 81352 64516
311252977 81352 64513
311252977 81363 64505
311252977 81348 64495
311252977 81352 64492
311252977 81358 64501
311252977 81372 64503
311252977 81376 64507
311252977 81355 64512
311252977 81362 64498
311252977 81370 64502
311252977 81371 64503
311252977 81373 64500
311252977 81376 64502
311252977 81383 64503
311252977 81360 64475
311252977 81358 64497
311252977 81384 64503
311252977 81401 64518
311252977 81405 64532
311252977 81416 64527
311252977 81406 64516
311252977 81418 64521
311252977 81415 64524
311252977 81411 64535
311252977 81423 64527
311252977 81430 64530
311252977 81428 64527
311252977 81427 64526
311252977 81426 64522
311252977 81425 64527
311252977 81426 64526
311252977 81417 64535
311252977 81436 64528
311252977 81440 64529
311252977 81431 64532
311252977 81432 64542
311252977 81418 64530
311252977 81426 64532
311252977 81429 64530
311252977 81428 64538
311252977 81434 64529
311252977 81427 64524
311252977 81425 64528
311252977 81424 64523
311252977 81418 64518
311252977 81409 64507
311252977 81407 64511
311252977 81409 64519
311252977 81421 64518
311252977 81423 64512
311252977 81420 64522
311252977 81423 64524
311252977 81407 64526
311252977 81433 64529
311252977 81427 64539
311252977 81428 64536
311252977 81423 64529
311252977 81430 64532
311252977 81447 64553
311252977 81435 64545
311252977 81409 64523
311252977 81397 64502
311252977 81394 64497
311252977 81422 64529
311252977 81433 64540
311252977 81419 64524
311252977 81409 64521
311252977 81409 64518
311252977 81400 64520
311252977 81405 64508
311252977 81397 64500
311252977 81333 64438
311252977 81306 64402
311252977 81282 64381
311252977 81277 64375
311252977 81306 64386
311252977 81354 64444
311252977 81361 64438
311252977 81358 64439
311252977 81360 64437
311252977 81346 64431
311252977 81340 64424
311252977 81326 64405
311252977 81326 64400
311252977 81319 64393
311252977 81334 64425
311252977 81402 64486
311252977 81396 64480
311252977 81382 64461
311252977 81362 64448
311252977 81365 64449
311252977 81361 64440
311252977 81355 64427
311252977 81353 64438
311252977 81350 64422
311252977 81342 64413
311252977 81354 64433
311252977 81329 64413
311252977 81327 64398
311252977 81328 64407
311252977 81363 64450
311252977 81340 64418
311252977 81318 64391
311252977 81340 64406
311252977 81381 64449
311252977 81378 64455
311252977 81376 64436
311252977 81376 64442
311252977 81400 64481
311252977 81428 64501
311252977 81411 64470
311252977 81413 64479
311252977 81438 64496
311252977 81413 64492
311252977 81412 64466
311252977 81414 64465
311252977 81406 64459
311252977 81403 64453
311252977 81392 64439
311252977 81378 64424
311252977 81373 64422
311252977 81349 64402
311252977 81321 64347
311252977 81326 64353
311252977 81329 64350
311252977 81319 64342
311252977 81313 64344
311252977 81321 64326
311252977 81307 64318
311252977 81296 64318
311252977 81291 64300
311252977 81294 64288
311252977 81298 64305
311252977 81297 64298
311252977 81297 64294
311252977 81298 64288
311252977 81281 64266
311252977 81278 64266
311252977 81291 64274
311252977 81304 64287
311252977 81317 64298
311252977 81336 64307
311252977 81335 64303
311252977 81313 64287
311252977 81321 64279
311252977 81309 64286
311252977 81321 64278
311252977 81313 64282
311252977 81322 64279
311252977 81316 64272
311252977 81322 64277
311252977 81343 64296
311252977 81339 64284
311252977 81326 64293
311252977 81323 64277
311252977 81330 64268
311252977 81308 64249
311252977 81319 64256
311252977 81313 64267
311252977 81331 64265
311252977 81331 64267
311252977 81334 64265
311252977 81344 64269
311252977 81334 64266
311252977 81326 64261
311252977 81324 64245
311252977 81307 64247
311252977 81321 64241
311252977 81329 64235
311252977 81330 64247
311252977 81331 64250
311252977 81334 64253
311252977 81345 64248
311252977 81329 64246
311252977 81327 64256
311252977 81332 64255
311252977 81341 64251
311252977 81346 64260
311252977 81330 64241
311252977 81333 64245
311252977 81359 64267
311252977 81364 64274
311252977 81360 64282
311252977 81346 64267
311252977 81353 64267
311252977 81359 64272
311252977 81362 64270
311252977 81334 64259
311252977 81340 64263
311252977 81352 64266
311252977 81345 64274
311252977 81344 64265
311252977 81363 64283
311252977 81361 64286
311252977 81371 64294
311252977 81375 64309
311252977 81367 64300
311252977 81372 64299
311252977 81373 64314
311252977 81389 64316
311252977 81386 64317
311252977 81381 64317
311252977 81393 64320
311252977 81378 64338
311252977 81395 64336
311252977 81387 64332
311252977 81396 64332
311252977 81398 64336
311252977 81388 64333
311252977 81393 64335
311252977 81401 64346
311252977 81397 64354
311252977 81414 64358
311252977 81409 64356
311252977 81418 64372
311252977 81421 64374
311252977 81424 64368
311252977 81423 64374
311252977 81421 64380
311252977 81429 64392
311252977 81433 64390
311252977 81432 64393
311252977 81441 64396
311252977 81435 64392
311252977 81435 64391
311252977 81440 64397
311252977 81436 64393
311252977 81434 64393
311252977 81437 64396
311252977 81440 64406
311252977 81444 64403
311252977 81450 64401
311252977 81443 64405
311252977 81448 64412
311252977 81451 64399
311252977 81451 64409
311252977 81462 64407
311252977 81468 64425
311252977 81463 64421
311252977 81483 64435
311252977 81474 64439
311252977 81468 64427
311252977 81466 64423
311252977 81464 64423
311252977 81485 64425
311252977 81465 64422
311252977 81468 64416
311252977 81475 64415
311252977 81470 64421
311252977 81469 64415
311252977 81459 64400
311252977 81465 64414
311252977 81471 64412
311252977 81467 64402
311252977 81491 64431
311252977 81495 64443
311252977 81480 64427
311252977 81506 64432
311252977 81497 64435
311252977 81476 64406
311252977 81471 64404
311252977 81485 64422
311252977 81491 64427
311252977 81478 64410
311252977 81455 64385
311252977 81451 64375
311252977 81461 64372
311252977 81451 64358
311252977 81449 64359
311252977 81439 64371
311252977 81473 64382
311252977 81471 64382
311252977 81472 64390
311252977 81481 64387
311252977 81462 64374
311252977 81468 64369
311252977 81485 64377
311252977 81466 64364
311252977 81447 64339
311252977 81469 64366
311252977 81509 64398
311252977 81485 64379
311252977 81473 64356
311252977 81483 64369
311252977 81503 64389
311252977 81500 64383
311252977 81491 64361
311252977 81473 64331
311252977 81442 64303
311252977 81430 64285
311252977 81477 64332
311252977 81458 64319
311252977 81434 64275
311252977 81410 64273
311252977 81461 64303
311252977 81455 64299
311252977 81463 64301
311252977 81458 64291
311252977 81456 64286
311252977 81481 64329
311252977 81495 64328
311252977 81454 64298
311252977 81449 64274
311252977 81464 64283
311252977 81462 64289
311252977 81451 64267
311252977 81463 64289
311252977 81472 64287
311252977 81483 64301
311252977 81486 64307
311252977 81472 64271
311252977 81474 64280
311252977 81485 64291
311252977 81464 64274
311252977 81439 64237
311252977 81447 64240
311252977 81453 64243
311252977 81436 64232
311252977 81458 64246
311252977 81465 64254
311252977 81458 64246
311252977 81486 64277
311252977 81470 64268
311252977 81445 64231
311252977 81422 64203
311252977 81425 64206
311252977 81415 64180
311252977 81399 64157
311252977 81383 64141
311252977 81413 64160
311252977 81412 64179
311252977 81463 64226
311252977 81480 64246
311252977 81469 64240
311252977 81479 64241
311252977 81482 64243
311252977 81468 64236
311252977 81477 64243
311252977 81475 64248
311252977 81492 64261
311252977 81500 64257
311252977 81502 64268
311252977 81494 64249
311252977 81487 64242
311252977 81506 64259
311252977 81499 64261
311252977 81481 64241
311252977 81485 64240
311252977 81488 64240
311252977 81471 64230
311252977 81459 64205
311252977 81472 64229
311252977 81475 64223
311252977 81457 64203
311252977 81462 64217
311252977 81470 64222
311252977 81460 64206
311252977 81462 64201
311252977 81457 64202
311252977 81439 64185
311252977 81465 64209
311252977 81483 64228
311252977 81474 64226
311252977 81483 64219
311252977 81483 64217
311252977 81454 64188
311252977 81449 64196
311252977 81464 64200
311252977 81469 64205
311252977 81482 64215
311252977 81466 64204
311252977 81464 64198
311252977 81471 64197
311252977 81474 64202
311252977 81483 64201
311252977 81474 64200
311252977 81474 64203
311252977 81479 64197
311252977 81481 64196
311252977 81474 64186
311252977 81473 64183
311252977 81464 64179
311252977 81466 64176
311252977 81466 64176
311252977 81471 64182
311252977 81454 64160
311252977 81429 64131
311252977 81428 64126
311252977 81444 64133
311252977 81437 64120
311252977 81434 64116
311252977 81423 64119
311252977 81449 64127
311252977 81447 64139
311252977 81473 64145
311252977 81456 64130
311252977 81437 64108
311252977 81422 64102
311252977 81442 64108
311252977 81420 64116
311252977 81440 64123
311252977 81455 64120
311252977 81445 64108
311252977 81436 64099
311252977 81445 64104
311252977 81433 64095
311252977 81425 64087
311252977 81421 64093
311252977 81432 64080
311252977 81433 64078
311252977 81436 64084
311252977 81429 64098
311252977 81442 64092
311252977 81438 64090
311252977 81436 64076
311252977 81412 64075
311252977 81429 64074
311252977 81426 64078
311252977 81432 64075
311252977 81444 64088
311252977 81466 64095
311252977 81457 64097
311252977 81466 64102
311252977 81459 64109
311252977 81480 64120
311252977 81458 64100
311252977 81461 64095
311252977 81459 64089
311252977 81459 64099
311252977 81473 64110
311252977 81481 64100
311252977 81479 64120
311252977 81489 64109
311252977 81497 64124
311252977 81509 64127
311252977 81476 64104
311252977 81482 64097
311252977 81516 64129
311252977 81520 64129
311252977 81481 64106
311252977 81483 64094
311252977 81490 64100
311252977 81490 64103
311252977 81498 64101
311252977 81484 64090
311252977 81492 64109
311252977 81494 64099
311252977 81465 64078
311252977 81472 64069
311252977 81486 64082
311252977 81483 64087
311252977 81490 64083
311252977 81485 64084
311252977 81482 64080
311252977 81512 64106
311252977 81495 64093
311252977 81505 64091
311252977 81516 64100
311252977 81523 64109
311252977 81518 64103
311252977 81509 64099
311252977 81479 64068
311252977 81454 64021
311252977 81454 64030
311252977 81463 64033
311252977 81452 64015
311252977 81446 64002
311252977 81431 63994
311252977 81434 64001
311252977 81462 64025
311252977 81488 64054
311252977 81483 64054
311252977 81475 64032
311252977 81462 64019
311252977 81467 64013
311252977 81480 64034
311252977 81456 64022
311252977 81468 64021
311252977 81501 64041
311252977 81611 64159
311252977 81608 64155
311252977 81581 64129
311252977 81543 64095
311252977 81550 64099
311252977 81571 64121
311252977 81568 64118
311252977 81550 64099
311252977 81536 64082
311252977 81536 64082
311252977 81525 64060
311252977 81509 64043
311252977 81505 64041
311252977 81478 64033
311252977 81495 64031
311252977 81499 64028
311252977 81495 64029
311252977 81491 64032
311252977 81481 64020
311252977 81479 64004
311252977 81472 63992
311252977 81498 64033
311252977 81514 64037
311252977 81515 64049
311252977 81509 64035
311252977 81491 64028
311252977 81507 64029
311252977 81502 64019
311252977 81506 64014
311252977 81491 64019
311252977 81489 64006
311252977 81482 63997
311252977 81485 63992
311252977 81474 63982
311252977 81469 63987
311252977 81463 63971
311252977 81452 63966
311252977 81450 63968
311252977 81453 63961
311252977 81463 63969
311252977 81458 63961
311252977 81458 63956
311252977 81451 63962
311252977 81462 63969
311252977 81471 63965
311252977 81460 63961
311252977 81464 63962
311252977 81461 63950
311252977 81461 63935
311252977 81454 63935
311252977 81456 63947
311252977 81483 63966
311252977 81481 63972
311252977 81475 63970
311252977 81465 63957
311252977 81458 63934
311252977 81444 63924
311252977 81460 63934
311252977 81453 63937
311252977 81471 63947
311252977 81466 63929
311252977 81460 63932
311252977 81464 63921
311252977 81443 63906
311252977 81451 63899
311252977 81472 63922
311252977 81455 63917
311252977 81457 63908
311252977 81465 63901
311252977 81476 63926
311252977 81486 63933
311252977 81491 63940
311252977 81477 63919
311252977 81471 63919
311252977 81490 63919
311252977 81484 63925
311252977 81476 63920
311252977 81471 63909
311252977 81493 63926
311252977 81497 63924
311252977 81472 63911
311252977 81475 63904
311252977 81453 63909
311252977 81463 63897
311252977 81487 63916
311252977 81507 63924
311252977 81476 63908
311252977 81478 63897
311252977 81462 63897
311252977 81441 63871
311252977 81447 63888
311252977 81460 63900
311252977 81460 63891
311252977 81470 63893
311252977 81462 63889
311252977 81469 63888
311252977 81443 63870
311252977 81430 63859
311252977 81429 63864
311252977 81433 63860
311252977 81415 63841
311252977 81429 63838
311252977 81419 63832
311252977 81400 63833
311252977 81400 63815
311252977 81405 63812
311252977 81405 63826
311252977 81413 63828
311252977 81408 63819
311252977 81398 63809
311252977 81351 63757
311252977 81346 63759
311252977 81364 63763
311252977 81380 63784
311252977 81391 63810
311252977 81420 63829
311252977 81415 63827
311252977 81425 63828
311252977 81422 63828
311252977 81404 63817
311252977 81407 63814
311252977 81406 63818
311252977 81415 63842
311252977 81437 63856
311252977 81449 63863
311252977 81450 63867
311252977 81433 63858
311252977 81451 63862
311252977 81453 63885
311252977 81456 63870
311252977 81455 63888
311252977 81474 63899
311252977 81482 63903
311252977 81430 63855
311252977 81423 63827
311252977 81446 63862
311252977 81464 63878
311252977 81472 63882
311252977 81432 63838
311252977 81386 63807
311252977 81389 63806
311252977 81429 63855
311252977 81457 63890
311252977 81489 63939
311252977 81523 63970
311252977 81544 63994
311252977 81536 63986
311252977 81536 63992
311252977 81520 63982
311252977 81522 63985
311252977 81521 63989
311252977 81522 64008
311252977 81532 63988
311252977 81526 63985
311252977 81512 63989
311252977 81518 63985
311252977 81506 63992
311252977 81513 63982
311252977 81507 63977
311252977 81513 63994
311252977 81534 63996
311252977 81526 64007
311252977 81520 64006
311252977 81521 64007
311252977 81529 64026
311252977 81541 64036
311252977 81541 64029
311252977 81544 64043
311252977 81560 64045
311252977 81554 64053
311252977 81537 64035
311252977 81556 64043
311252977 81534 64040
311252977 81535 64041
311252977 81543 64050
311252977 81551 64069
311252977 81556 64058
311252977 81563 64073
311252977 81568 64074
311252977 81571 64085
311252977 81561 64093
311252977 81566 64084
311252977 81570 64085
311252977 81563 64087
311252977 81568 64090
311252977 81577 64086
311252977 81567 64084
311252977 81548 64073
311252977 81530 64060
311252977 81552 64063
311252977 81542 64068
311252977 81536 64057
311252977 81522 64043
311252977 81548 64063
311252977 81539 64067
311252977 81561 64082
311252977 81551 64090
311252977 81559 64084
311252977 81559 64088
311252977 81580 64113
311252977 81577 64109
311252977 81576 64111
311252977 81562 64093
311252977 81558 64079
311252977 81564 64098
311252977 81583 64121
311252977 81580 64129
311252977 81583 64131
311252977 81589 64123
311252977 81589 64120
311252977 81580 64109
311252977 81578 64106
311252977 81564 64106
311252977 81577 64116
311252977 81575 64115
311252977 81572 64118
311252977 81566 64110
311252977 81576 64109
311252977 81576 64116
311252977 81578 64111
311252977 81557 64119
311252977 81576 64120
311252977 81575 64111
311252977 81569 64115
311252977 81589 64129
311252977 81586 64128
311252977 81593 64123
311252977 81583 64116
311252977 81613 64153
311252977 81602 64148
311252977 81602 64134
311252977 81586 64140
311252977 81587 64137
311252977 81591 64141
311252977 81593 64137
311252977 81587 64128
311252977 81583 64134
311252977 81606 64144
311252977 81607 64155
311252977 81573 64120
311252977 81583 64117
311252977 81572 64135
311252977 81607 64143
311252977 81616 64157
311252977 81631 64183
311252977 81627 64168
311252977 81615 64153
311252977 81588 64124
311252977 81563 64106
311252977 81555 64104
311252977 81569 64121
311252977 81588 64135
311252977 81594 64155
311252977 81598 64128
311252977 81589 64128
311252977 81593 64133
311252977 81586 64127
311252977 81576 64116
311252977 81577 64118
311252977 81575 64116
311252977 81574 64123
311252977 81576 64126
311252977 81581 64115
311252977 81580 64123
311252977 81562 64109
311252977 81562 64101
311252977 81563 64095
311252977 81559 64091
311252977 81556 64095
311252977 81559 64099
311252977 81563 64095
311252977 81561 64099
311252977 81565 64093
311252977 81560 64113
311252977 81561 64088
311252977 81553 64080
311252977 81553 64074
311252977 81553 64079
311252977 81554 64094
311252977 81565 64093
311252977 81557 64101
311252977 81552 64109
311252977 81572 64108
311252977 81581 64113
311252977 81569 64107
311252977 81574 64107
311252977 81566 64114
311252977 81562 64102
311252977 81545 64088
311252977 81536 64077
311252977 81544 64082
311252977 81543 64080
311252977 81548 64094
311252977 81550 64088
311252977 81546 64088
311252977 81536 64096
311252977 81542 64090
311252977 81535 64092
311252977 81540 64088
311252977 81536 64087
311252977 81553 64099
311252977 81538 64098
311252977 81534 64092
311252977 81542 64103
311252977 81539 64101
311252977 81548 64101
311252977 81548 64110
311252977 81545 64107
311252977 81553 64113
311252977 81546 64108
311252977 81538 64111
311252977 81539 64108
311252977 81540 64107
311252977 81531 64101
311252977 81529 64095
311252977 81529 64088
311252977 81525 64102
311252977 81528 64090
311252977 81501 64092
311252977 81514 64092
311252977 81516 64095
311252977 81506 64091
311252977 81515 64090
311252977 81507 64091
311252977 81490 64075
311252977 81495 64069
311252977 81478 64075
311252977 81490 64082
311252977 81505 64094
311252977 81507 64094
311252977 81509 64097
311252977 81509 64106
311252977 81503 64099
311252977 81495 64098
311252977 81482 64099
311252977 81480 64086
311252977 81485 64085
311252977 81487 64096
311252977 81486 64092
311252977 81469 64094
311252977 81477 64095
311252977 81492 64116
311252977 81479 64106
311252977 81467 64087
311252977 81461 64081
311252977 81446 64072
311252977 81452 64075
311252977 81449 64081
311252977 81433 64074
311252977 81424 64064
311252977 81429 64078
311252977 81427 64057
311252977 81417 64057
311252977 81430 64070
311252977 81427 64074
311252977 81425 64062
311252977 81422 64068
311252977 81432 64082
311252977 81428 64089
311252977 81417 64079
311252977 81403 64059
311252977 81408 64063
311252977 81409 64066
311252977 81396 64055
311252977 81401 64063
311252977 81391 64061
311252977 81388 64060
311252977 81374 64050
311252977 81389 64049
311252977 81379 64053
311252977 81378 64059
311252977 81371 64046
311252977 81361 64035
311252977 81372 64044
311252977 81369 64062
311252977 81365 64051
311252977 81378 64059
311252977 81371 64057
311252977 81360 64049
311252977 81389 64077
311252977 81398 64090
311252977 81405 64102
311252977 81409 64116
311252977 81465 64170
311252977 81372 64062
311252977 81295 63983
311252977 81265 63970
311252977 81289 64006
311252977 81366 64077
311252977 81420 64155
311252977 81507 64254
311252977 81543 64295
311252977 81484 64236
311252977 81412 64148
311252977 81307 64015
311252977 81192 63908
311252977 81165 63866
311252977 81201 63907
311252977 81316 64034
311252977 81373 64106
311252977 81439 64182
311252977 81246 63966
311252977 81148 63865
311252977 81131 63839
311252977 81147 63866
311252977 81223 63948
311252977 81269 64018
311252977 81366 64120
311252977 81386 64157
311252977 81388 64159
311252977 81387 64153
311252977 81354 64133
311252977 81350 64109
311252977 81250 63999
311252977 81235 63990
311252977 81132 63880
311252977 81182 63934
311252977 81184 63940
311252977 81227 63978
311252977 81240 64013
311252977 81244 64018
311252977 81282 64069
311252977 81310 64100
311252977 81332 64121
311252977 81316 64116
311252977 81317 64119
311252977 81323 64124
311252977 81311 64125
311252977 81306 64103
311252977 81269 64073
311252977 81231 64018
311252977 81198 63987
311252977 81200 64009
311252977 81234 64038
311252977 81252 64072
311252977 81262 64085
311252977 81247 64076
311252977 81267 64086
311252977 81260 64087
311252977 81265 64089
311252977 81252 64091
311252977 81280 64106
311252977 81272 64106
311252977 81276 64115
311252977 81284 64125
311252977 81280 64124
311252977 81297 64133
311252977 81283 64116
311252977 81279 64121
311252977 81294 64130
311252977 81285 64133
311252977 81284 64135
311252977 81288 64131
311252977 81273 64129
311252977 81286 64143
311252977 81284 64138
311252977 81291 64153
311252977 81328 64179
311252977 81305 64169
311252977 81317 64174
311252977 81323 64187
311252977 81327 64190
311252977 81333 64194
311252977 81333 64192
311252977 81326 64196
311252977 81332 64192
311252977 81314 64165
311252977 81310 64177
311252977 81323 64193
311252977 81321 64185
311252977 81346 64207
311252977 81367 64232
311252977 81352 64237
311252977 81359 64211
311252977 81358 64215
311252977 81324 64185
311252977 81304 64171
311252977 81335 64194
311252977 81310 64173
311252977 81306 64162
311252977 81304 64168
311252977 81324 64181
311252977 81344 64212
311252977 81339 64191
311252977 81336 64186
311252977 81334 64201
311252977 81364 64222
311252977 81374 64229
311252977 81368 64226
311252977 81401 64253
311252977 81431 64290
311252977 81421 64278
311252977 81409 64258
311252977 81396 64273
311252977 81436 64287
311252977 81471 64331
311252977 81476 64339
311252977 81474 64336
311252977 81443 64308
311252977 81453 64309
311252977 81442 64299
311252977 81438 64297
311252977 81424 64265
311252977 81403 64237
311252977 81412 64243
311252977 81398 64237
311252977 81395 64231
311252977 81408 64235
311252977 81401 64228
311252977 81397 64228
311252977 81397 64216
311252977 81387 64216
311252977 81399 64208
311252977 81381 64196
311252977 81400 64215
311252977 81328 64140
311252977 81307 64118
311252977 81103 63893
311252977 80774 63515
311252977 80783 63522
311252977 80755 63463
311252977 80465 63152
311252977 80447 63131
311252977 80486 63187
311252977 80527 63226
311252977 80559 63274
311252977 80630 63343
311252977 80641 63359
311252977 80766 63482
311252977 80808 63532
311252977 80861 63583
311252977 80901 63620
311252977 80908 63626
311252977 80911 63659
311252977 80964 63697
311252977 80976 63714
311252977 80995 63740
311252977 80984 63736
311252977 80973 63743
311252977 80987 63748
311252977 80999 63757
311252977 81002 63775
311252977 81004 63776
311252977 80998 63768
311252977 80978 63746
311252977 80976 63746
311252977 80954 63743
311252977 80970 63744
311252977 80974 63750
311252977 80992 63772
311252977 80999 63765
311252977 81001 63762
311252977 80978 63757
311252977 80989 63757
311252977 80977 63768
311252977 80989 63776
311252977 80982 63765
311252977 80981 63762
311252977 80976 63749
311252977 80973 63751
311252977 80978 63752
311252977 80978 63758
311252977 80958 63751
311252977 80954 63743
311252977 80950 63731
311252977 80943 63732
311252977 80940 63716
311252977 80929 63720
311252977 80939 63714
311252977 80944 63722
311252977 80917 63716
311252977 80937 63712
311252977 80923 63714
311252977 80944 63724
311252977 80926 63705
311252977 80909 63697
311252977 80914 63705
311252977 80910 63698
311252977 80927 63720
311252977 80917 63706
311252977 80921 63708
311252977 80921 63707
311252977 80921 63704
311252977 80906 63696
311252977 80910 63697
311252977 80907 63683
311252977 80897 63681
311252977 80905 63679
311252977 80881 63662
311252977 80880 63671
311252977 80916 63692
311252977 80948 63728
311252977 80959 63733
311252977 80948 63732
311252977 80946 63730
311252977 80946 63729
311252977 80950 63726
311252977 80936 63729
311252977 80944 63718
311252977 80914 63712
311252977 80934 63715
311252977 80942 63735
311252977 80941 63747
311252977 80940 63725
311252977 80952 63728
311252977 80932 63725
311252977 80937 63721
311252977 80919 63726
311252977 80940 63734
311252977 80949 63736
311252977 80923 63725
311252977 80917 63721
311252977 80933 63720
311252977 80928 63721
311252977 80937 63735
311252977 80928 63733
311252977 80946 63748
311252977 80955 63759
311252977 80956 63762
311252977 80943 63751
311252977 80929 63732
311252977 80914 63705
311252977 80908 63699
311252977 80902 63715
311252977 80917 63717
311252977 80907 63702
311252977 80907 63705
311252977 80910 63718
311252977 80902 63706
311252977 80903 63712
311252977 80903 63705
311252977 80881 63710
311252977 80899 63703
311252977 80905 63705
311252977 80896 63701
311252977 80891 63703
311252977 80895 63706
311252977 80885 63701
311252977 80875 63683
311252977 80870 63686
311252977 80874 63678
311252977 80881 63688
311252977 80867 63688
311252977 80864 63683
311252977 80862 63678
311252977 80869 63685
311252977 80880 63692
311252977 80862 63690
311252977 80884 63693
311252977 80880 63695
311252977 80874 63696
311252977 80853 63673
311252977 80852 63669
311252977 80854 63670
311252977 80845 63659
311252977 80823 63657
311252977 80827 63641
311252977 80832 63640
311252977 80828 63662
311252977 80833 63654
311252977 80823 63665
311252977 80837 63674
311252977 80863 63693
311252977 80851 63687
311252977 80849 63687
311252977 80850 63691
311252977 80870 63715
311252977 80871 63722
311252977 80875 63739
311252977 80861 63720
311252977 80867 63715
311252977 80860 63714
311252977 80843 63698
311252977 80846 63695
311252977 80839 63694
311252977 80824 63692
311252977 80814 63691
311252977 80824 63687
311252977 80821 63686
311252977 80822 63685
311252977 80829 63686
311252977 80828 63700
311252977 80827 63700
311252977 80835 63711
311252977 80837 63723
311252977 80843 63724
311252977 80842 63717
311252977 80835 63712
311252977 80832 63716
311252977 80828 63719
311252977 80833 63716
311252977 80840 63727
311252977 80823 63724
311252977 80835 63725
311252977 80838 63716
311252977 80839 63732
311252977 80822 63725
311252977 80825 63736
311252977 80839 63752
311252977 80856 63768
311252977 80861 63775
311252977 80860 63775
311252977 80874 63788
311252977 80862 63787
311252977 80844 63775
311252977 80817 63752
311252977 80806 63730
311252977 80812 63737
311252977 80810 63745
311252977 80795 63734
311252977 80808 63749
311252977 80804 63744
311252977 80803 63750
311252977 80800 63758
311252977 80805 63766
311252977 80789 63761
311252977 80786 63749
311252977 80785 63750
311252977 80783 63746
311252977 80780 63748
311252977 80785 63752
311252977 80794 63778
311252977 80801 63788
311252977 80803 63785
311252977 80807 63789
311252977 80806 63784
311252977 80796 63798
311252977 80798 63790
311252977 80793 63796
311252977 80802 63802
311252977 80806 63799
311252977 80803 63800
311252977 80802 63809
311252977 80802 63809
311252977 80792 63809
311252977 80814 63824
311252977 80795 63816
311252977 80803 63833
311252977 80811 63826
311252977 80796 63813
311252977 80777 63804
311252977 80796 63812
311252977 80793 63831
311252977 80807 63832
311252977 80786 63819
311252977 80786 63818
311252977 80764 63811
311252977 80776 63821
311252977 80753 63805
311252977 80748 63792
311252977 80729 63780
311252977 80745 63776
311252977 80770 63825
311252977 80765 63822
311252977 80726 63774
311252977 80728 63779
311252977 80724 63783
311252977 80721 63782
311252977 80711 63784
311252977 80720 63779
311252977 80719 63786
311252977 80716 63780
311252977 80717 63785
311252977 80702 63782
311252977 80713 63775
311252977 80707 63794
311252977 80689 63760
311252977 80693 63764
311252977 80696 63779
311252977 80706 63795
311252977 80727 63807
311252977 80712 63813
311252977 80724 63814
311252977 80721 63802
311252977 80718 63807
311252977 80711 63808
311252977 80719 63808
311252977 80724 63816
311252977 80728 63828
311252977 80725 63829
311252977 80716 63814
311252977 80717 63823
311252977 80750 63856
311252977 80737 63845
311252977 80727 63835
311252977 80713 63820
311252977 80694 63810
311252977 80686 63804
311252977 80647 63753
311252977 80584 63669
311252977 80513 63603
311252977 80417 63506
311252977 80298 63363
311252977 80197 63262
311252977 80209 63264
311252977 80258 63322
311252977 80204 63241
311252977 80095 63135
311252977 80074 63094
311252977 80027 63040
311252977 80011 63019
311252977 80028 63048
311252977 80005 63025
311252977 79968 62999
311252977 79927 62924
311252977 79827 62809
311252977 79809 62798
311252977 79811 62794
311252977 79833 62807
311252977 79871 62847
311252977 79867 62846
311252977 79862 62838
311252977 79863 62826
311252977 79875 62844
311252977 79901 62876
311252977 79991 62969
311252977 80018 63016
311252977 80064 63069
311252977 80059 63048
311252977 80070 63089
311252977 80151 63160
311252977 80155 63158
311252977 80160 63159
311252977 80158 63154
311252977 80167 63181
311252977 80175 63185
311252977 80137 63127
311252977 80122 63120
311252977 80132 63124
311252977 80148 63135
311252977 80154 63158
311252977 80193 63200
311252977 80211 63233
311252977 80252 63271
311252977 80288 63293
311252977 80285 63300
311252977 80256 63273
311252977 80235 63241
311252977 80239 63240
311252977 80248 63252
311252977 80248 63252
311252977 80258 63258
311252977 80263 63272
311252977 80269 63261
311252977 80257 63251
311252977 80248 63246
311252977 80275 63265
311252977 80281 63284
311252977 80266 63276
311252977 80278 63272
311252977 80283 63274
311252977 80276 63260
311252977 80276 63258
311252977 80249 63232
311252977 80264 63242
311252977 80292 63273
311252977 80289 63282
311252977 80305 63283
311252977 80315 63303
311252977 80313 63296
311252977 80316 63292
311252977 80291 63273
311252977 80287 63255
311252977 80287 63252
311252977 80276 63243
311252977 80270 63242
311252977 80277 63240
311252977 80276 63242
311252977 80271 63232
311252977 80253 63227
311252977 80265 63232
311252977 80270 63226
311252977 80275 63241
311252977 80274 63230
311252977 80278 63232
311252977 80280 63244
311252977 80268 63219
311252977 80217 63168
311252977 80136 63067
311252977 80077 62990
311252977 80048 62958
311252977 80009 62917
311252977 80019 62922
311252977 80075 62986
311252977 80127 63050
311252977 80155 63085
311252977 80212 63144
311252977 80231 63160
311252977 80255 63193
311252977 80301 63240
311252977 80314 63255
311252977 80338 63289
311252977 80353 63296
311252977 80355 63319
311252977 80365 63309
311252977 80377 63324
311252977 80379 63317
311252977 80344 63298
311252977 80331 63275
311252977 80332 63277
311252977 80357 63290
311252977 80347 63295
311252977 80376 63314
311252977 80394 63329
311252977 80375 63317
311252977 80383 63315
311252977 80381 63322
311252977 80379 63316
311252977 80380 63313
311252977 80366 63309
311252977 80380 63303
311252977 80372 63290
311252977 80360 63278
311252977 80360 63278
311252977 80347 63254
311252977 80388 63297
311252977 80495 63408
311252977 80471 63392
311252977 80496 63392
311252977 80482 63382
311252977 80472 63381
311252977 80487 63376
311252977 80500 63406
311252977 80511 63414
311252977 80531 63430
311252977 80546 63466
311252977 80562 63468
311252977 80593 63491
311252977 80598 63505
311252977 80594 63512
311252977 80583 63497
311252977 80589 63497
311252977 80582 63491
311252977 80581 63488
311252977 80598 63491
311252977 80593 63487
311252977 80590 63487
311252977 80586 63482
311252977 80593 63489
311252977 80598 63491
311252977 80614 63508
311252977 80627 63532
311252977 80670 63565
311252977 80672 63572
311252977 80677 63580
311252977 80687 63594
311252977 80698 63601
311252977 80704 63596
311252977 80701 63593
311252977 80706 63597
311252977 80706 63600
311252977 80714 63616
311252977 80729 63624
311252977 80734 63634
311252977 80716 63627
311252977 80727 63614
311252977 80739 63633
311252977 80747 63641
311252977 80737 63636
311252977 80759 63651
311252977 80771 63663
311252977 80770 63661
311252977 80752 63684
311252977 80801 63690
311252977 80800 63696
311252977 80794 63708
311252977 80790 63692
311252977 80804 63704
311252977 80791 63694
311252977 80785 63689
311252977 80772 63680
311252977 80752 63649
311252977 80750 63648
311252977 80749 63664
311252977 80754 63661
311252977 80753 63663
311252977 80746 63658
311252977 80744 63650
311252977 80744 63668
311252977 80735 63642
311252977 80738 63651
311252977 80725 63635
311252977 80721 63632
311252977 80714 63632
311252977 80705 63619
311252977 80701 63617
311252977 80694 63619
311252977 80684 63604
311252977 80684 63587
311252977 80673 63596
311252977 80682 63601
311252977 80676 63607
311252977 80679 63600
311252977 80687 63602
311252977 80689 63602
311252977 80684 63604
311252977 80677 63598
311252977 80686 63605
311252977 80685 63610
311252977 80675 63615
311252977 80682 63606
311252977 80688 63604
311252977 80686 63611
311252977 80672 63598
311252977 80666 63597
311252977 80647 63577
311252977 80650 63577
311252977 80640 63579
311252977 80651 63581
311252977 80642 63574
311252977 80646 63580
311252977 80680 63603
311252977 80663 63603
311252977 80664 63588
311252977 80505 63417
311252977 80473 63383
311252977 80523 63436
311252977 80506 63408
311252977 80466 63365
311252977 80466 63362
311252977 80336 63211
311252977 80284 63146
311252977 80337 63213
311252977 80317 63202
311252977 80347 63233
311252977 80384 63273
311252977 80412 63306
311252977 80445 63352
311252977 80459 63364
311252977 80479 63378
311252977 80474 63372
311252977 80464 63373
311252977 80480 63376
311252977 80481 63379
311252977 80449 63342
311252977 80461 63353
311252977 80447 63354
311252977 80465 63361
311252977 80465 63359
311252977 80476 63360
311252977 80487 63373
311252977 80483 63381
311252977 80479 63372
311252977 80487 63380
311252977 80455 63358
311252977 80456 63353
311252977 80492 63384
311252977 80531 63424
311252977 80582 63482
311252977 80581 63505
311252977 80577 63492
311252977 80598 63504
311252977 80617 63523
311252977 80619 63522
311252977 80609 63520
311252977 80615 63523
311252977 80630 63524
311252977 80620 63524
311252977 80618 63535
311252977 80629 63542
311252977 80625 63547
311252977 80625 63545
311252977 80634 63542
311252977 80642 63554
311252977 80658 63565
311252977 80639 63563
311252977 80662 63568
311252977 80647 63566
311252977 80648 63575
311252977 80664 63581
311252977 80652 63568
311252977 80654 63563
311252977 80647 63560
311252977 80640 63552
311252977 80638 63557
311252977 80626 63541
311252977 80629 63538
311252977 80617 63535
311252977 80614 63524
311252977 80607 63511
311252977 80600 63500
311252977 80576 63504
311252977 80576 63501
311252977 80583 63504
311252977 80587 63502
311252977 80599 63503
311252977 80571 63493
311252977 80582 63491
311252977 80574 63486
311252977 80557 63491
311252977 80565 63485
311252977 80584 63502
311252977 80570 63483
311252977 80575 63487
311252977 80578 63483
311252977 80582 63493
311252977 80651 63546
311252977 80643 63564
311252977 80617 63524
311252977 80635 63546
311252977 80565 63475
311252977 80503 63403
311252977 80457 63357
311252977 80454 63346
311252977 80455 63352
311252977 80455 63359
311252977 80482 63369
311252977 80495 63403
311252977 80505 63407
311252977 80507 63401
311252977 80502 63401
311252977 80493 63387
311252977 80487 63384
311252977 80485 63390
311252977 80495 63379
311252977 80478 63366
311252977 80470 63358
311252977 80492 63376
311252977 80492 63382
311252977 80518 63407
311252977 80532 63423
311252977 80510 63415
311252977 80548 63436
311252977 80573 63473
311252977 80595 63494
311252977 80600 63501
311252977 80601 63501
311252977 80662 63571
311252977 80702 63613
311252977 80672 63599
311252977 80671 63588
311252977 80695 63603
311252977 80686 63604
311252977 80708 63610
311252977 80712 63628
311252977 80751 63680
311252977 80797 63734
311252977 80825 63765
311252977 80836 63761
311252977 80841 63759
311252977 80847 63775
311252977 80865 63799
311252977 80860 63800
311252977 80866 63807
311252977 80855 63796
311252977 80846 63791
311252977 80848 63789
311252977 80865 63790
311252977 80874 63803
311252977 80865 63799
311252977 80850 63797
311252977 80856 63795
311252977 80858 63806
311252977 80850 63799
311252977 80866 63800
311252977 80875 63814
311252977 80866 63807
311252977 80874 63813
311252977 80873 63823
311252977 80888 63828
311252977 80881 63825
311252977 80899 63840
311252977 80904 63846
311252977 80896 63850
311252977 80885 63830
311252977 80894 63848
311252977 80886 63850
311252977 80867 63813
311252977 80880 63825
311252977 80872 63824
311252977 80887 63826
311252977 80872 63828
311252977 80891 63842
311252977 80889 63847
311252977 80863 63831
311252977 80855 63797
311252977 80844 63800
311252977 80847 63799
311252977 80838 63789
311252977 80882 63841
311252977 80905 63862
311252977 80908 63871
311252977 80896 63874
311252977 80896 63855
311252977 80903 63872
311252977 80890 63872
311252977 80875 63853
311252977 80924 63894
311252977 80904 63881
311252977 80898 63873
311252977 80901 63889
311252977 80898 63867
311252977 80921 63896
311252977 80911 63887
311252977 80918 63886
311252977 80900 63885
311252977 80898 63885
311252977 80889 63868
311252977 80882 63865
311252977 80878 63861
311252977 80888 63868
311252977 80891 63879
311252977 80887 63873
311252977 80877 63874
311252977 80896 63888
311252977 80890 63878
311252977 80910 63894
311252977 80904 63895
311252977 80921 63907
311252977 80919 63903
311252977 80905 63907
311252977 80901 63910
311252977 80908 63906
311252977 80911 63910
311252977 80909 63919
311252977 80906 63902
311252977 80880 63872
311252977 80875 63878
311252977 80866 63867
311252977 80885 63901
311252977 80877 63889
311252977 80885 63894
311252977 80881 63898
311252977 80876 63889
311252977 80881 63897
311252977 80890 63903
311252977 80888 63904
311252977 80874 63904
311252977 80875 63905
311252977 80875 63903
311252977 80883 63911
311252977 80886 63914
311252977 80878 63926
311252977 80893 63927
311252977 80919 63948
311252977 80907 63944
311252977 80909 63950
311252977 80911 63958
311252977 80905 63955
311252977 80904 63954
311252977 80897 63955
311252977 80915 63961
311252977 80924 63973
311252977 80887 63968
311252977 80904 63965
311252977 80900 63961
311252977 80878 63938
311252977 80880 63942
311252977 80877 63958
311252977 80890 63959
311252977 80907 63972
311252977 80893 63981
311252977 80895 63972
311252977 80899 63974
311252977 80892 63972
311252977 80893 63980
311252977 80873 63973
311252977 80882 63962
311252977 80896 63975
311252977 80915 64009
311252977 80918 64006
311252977 80896 63993
311252977 80902 63996
311252977 80884 63978
311252977 80885 63981
311252977 80874 63967
311252977 80871 63976
311252977 80875 63980
311252977 80866 63975
311252977 80860 63974
311252977 80867 63976
311252977 80856 63966
311252977 80855 63972
311252977 80849 63967
311252977 80844 63958
311252977 80843 63967
311252977 80834 63945
311252977 80828 63943
311252977 80817 63941
311252977 80814 63938
311252977 80813 63942
311252977 80813 63934
311252977 80816 63938
311252977 80808 63948
311252977 80819 63938
311252977 80817 63950
311252977 80829 63957
311252977 80847 63970
311252977 80841 63974
311252977 80849 63987
311252977 80855 63991
311252977 80853 64006
311252977 80856 63998
311252977 80861 64004
311252977 80860 64019
311252977 80859 64024
311252977 80859 64025
311252977 80888 64040
311252977 80865 64024
311252977 80874 64043
311252977 80876 64034
311252977 80870 64035
311252977 80864 64030
311252977 80864 64033
311252977 80846 64023
311252977 80849 64023
311252977 80836 64017
311252977 80844 64027
311252977 80828 64022
311252977 80843 64018
311252977 80847 64025
311252977 80842 64026
311252977 80835 64027
311252977 80838 64029
311252977 80854 64043
311252977 80853 64058
311252977 80854 64052
311252977 80858 64055
311252977 80860 64057
311252977 80867 64064
311252977 80864 64081
311252977 80862 64075
311252977 80864 64074
311252977 80851 64064
311252977 80853 64066
311252977 80861 64081
311252977 80870 64082
311252977 80832 64046
311252977 80648 63855
311252977 80590 63775
311252977 80646 63828
311252977 80571 63767
311252977 80567 63763
311252977 80586 63775
311252977 80610 63797
311252977 80616 63811
311252977 80610 63815
311252977 80633 63834
311252977 80635 63842
311252977 80629 63860
311252977 80646 63860
311252977 80644 63869
311252977 80623 63847
311252977 80623 63852
311252977 80627 63856
311252977 80641 63873
311252977 80649 63887
311252977 80650 63889
311252977 80656 63895
311252977 80639 63875
311252977 80634 63882
311252977 80625 63867
311252977 80678 63948
311252977 80892 64151
311252977 80897 64176
311252977 80935 64199
311252977 80921 64194
311252977 80916 64190
311252977 80925 64202
311252977 80926 64199
311252977 80912 64200
311252977 80912 64186
311252977 80923 64202
311252977 80855 64135
311252977 80894 64165
311252977 80911 64182
311252977 80892 64159
311252977 80880 64149
311252977 80856 64145
311252977 80861 64135
311252977 80848 64127
311252977 80829 64098
311252977 80837 64105
311252977 80825 64099
311252977 80829 64107
311252977 80823 64105
311252977 80818 64115
311252977 80831 64123
311252977 80832 64126
311252977 80837 64125
311252977 80836 64120
311252977 80833 64121
311252977 80829 64117
311252977 80821 64113
311252977 80809 64114
311252977 80823 64107
311252977 80813 64106
311252977 80810 64113
311252977 80825 64106
311252977 80824 64116
311252977 80796 64083
311252977 80799 64097
311252977 80788 64103
311252977 80805 64096
311252977 80809 64104
311252977 80803 64103
311252977 80804 64105
311252977 80809 64118
311252977 80812 64123
311252977 80814 64123
311252977 80812 64137
311252977 80812 64132
311252977 80811 64140
311252977 80826 64152
311252977 80824 64154
311252977 80817 64143
311252977 80809 64151
311252977 80817 64152
311252977 80809 64156
311252977 80815 64154
311252977 80821 64161
311252977 80826 64174
311252977 80813 64174
311252977 80817 64181
311252977 80824 64183
311252977 80823 64187
311252977 80821 64188
311252977 80821 64180
311252977 80821 64180
311252977 80800 64165
311252977 80806 64169
311252977 80788 64168
311252977 80803 64171
311252977 80784 64164
311252977 80788 64168
311252977 80784 64168
311252977 80775 64157
311252977 80769 64159
311252977 80772 64161
311252977 80759 64151
311252977 80762 64156
311252977 80768 64158
311252977 80762 64164
311252977 80758 64161
311252977 80759 64155
311252977 80759 64158
311252977 80755 64157
311252977 80741 64161
311252977 80766 64173
311252977 80768 64182
311252977 80765 64197
311252977 80761 64175
311252977 80761 64180
311252977 80769 64185
311252977 80754 64178
311252977 80746 64181
311252977 80756 64186
311252977 80761 64201
311252977 80746 64193
311252977 80755 64192
311252977 80756 64193
311252977 80763 64202
311252977 80761 64209
311252977 80756 64210
311252977 80762 64213
311252977 80774 64224
311252977 80765 64229
311252977 80770 64228
311252977 80784 64239
311252977 80766 64235
311252977 80775 64242
311252977 80767 64247
311252977 80778 64252
311252977 80790 64259
311252977 80781 64267
311252977 80779 64261
311252977 80793 64273
311252977 80792 64272
311252977 80784 64278
311252977 80774 64262
311252977 80777 64267
311252977 80775 64273
311252977 80773 64264
311252977 80769 64262
311252977 80752 64251
311252977 80743 64243
311252977 80745 64238
311252977 80720 64221
311252977 80732 64220
311252977 80716 64214
311252977 80712 64210
311252977 80713 64215
311252977 80726 64213
311252977 80721 64220
311252977 80718 64218
311252977 80733 64237
311252977 80734 64237
311252977 80729 64231
311252977 80724 64233
311252977 80723 64235
311252977 80718 64233
311252977 80733 64243
311252977 80733 64242
311252977 80731 64252
311252977 80750 64266
311252977 80738 64264
311252977 80747 64275
311252977 80754 64280
311252977 80747 64288
311252977 80771 64298
311252977 80769 64300
311252977 80768 64308
311252977 80772 64305
311252977 80768 64308
311252977 80767 64310
311252977 80771 64311
311252977 80764 64311
311252977 80773 64311
311252977 80773 64314
311252977 80759 64309
311252977 80759 64308
311252977 80757 64304
311252977 80763 64305
311252977 80746 64306
311252977 80749 64303
311252977 80749 64290
311252977 80740 64285
311252977 80729 64275
311252977 80723 64268
311252977 80717 64252
311252977 80716 64257
311252977 80718 64263
311252977 80704 64263
311252977 80733 64271
311252977 80731 64284
311252977 80741 64288
311252977 80741 64291
311252977 80740 64281
311252977 80734 64290
311252977 80741 64289
311252977 80741 64300
311252977 80749 64296
311252977 80752 64306
311252977 80748 64314
311252977 80741 64304
311252977 80750 64304
311252977 80739 64298
311252977 80740 64301
311252977 80742 64299
311252977 80749 64305
311252977 80754 64314
311252977 80754 64323
311252977 80745 64314
311252977 80744 64313
311252977 80731 64297
311252977 80746 64309
311252977 80740 64324
311252977 80752 64315
311252977 80755 64323
311252977 80747 64323
311252977 80755 64313
311252977 80748 64315
311252977 80749 64318
311252977 80756 64316
311252977 80748 64325
311252977 80760 64320
311252977 80753 64329
311252977 80750 64326
311252977 80745 64318
311252977 80751 64314
311252977 80751 64324
311252977 80744 64319
311252977 80754 64318
311252977 80752 64321
311252977 80740 64323
311252977 80752 64320
311252977 80743 64321
311252977 80746 64322
311252977 80744 64319
311252977 80746 64314
311252977 80730 64308
311252977 80738 64315
311252977 80771 64345
311252977 80767 64340
311252977 80753 64331
311252977 80770 64342
311252977 80768 64356
311252977 80785 64371
311252977 80781 64378
311252977 80786 64378
311252977 80811 64391
311252977 80818 64420
311252977 80830 64424
311252977 80833 64422
311252977 80807 64406
311252977 80809 64404
311252977 80797 64405
311252977 80822 64414
311252977 80812 64412
311252977 80798 64396
311252977 80799 64397
311252977 80793 64394
311252977 80782 64388
311252977 80784 64385
311252977 80780 64385
311252977 80785 64384
311252977 80778 64385
311252977 80772 64380
311252977 80784 64377
311252977 80764 64371
311252977 80771 64382
311252977 80775 64369
311252977 80763 64366
311252977 80759 64359
311252977 80748 64345
311252977 80735 64330
311252977 80724 64325
311252977 80713 64311
311252977 80705 64306
311252977 80709 64301
311252977 80701 64314
311252977 80704 64289
311252977 80695 64291
311252977 80698 64292
311252977 80709 64304
311252977 80700 64305
311252977 80697 64310
311252977 80716 64316
311252977 80707 64330
311252977 80719 64320
311252977 80711 64323
311252977 80723 64327
311252977 80725 64337
311252977 80718 64343
311252977 80728 64335
311252977 80726 64336
311252977 80726 64351
311252977 80718 64338
311252977 80727 64349
311252977 80721 64338
311252977 80721 64344
311252977 80715 64352
311252977 80749 64364
311252977 80741 64355
311252977 80733 64364
311252977 80728 64353
311252977 80727 64358
311252977 80725 64360
311252977 80737 64362
311252977 80725 64370
311252977 80745 64369
311252977 80732 64368
311252977 80729 64366
311252977 80743 64371
311252977 80733 64373
311252977 80720 64363
311252977 80705 64339
311252977 80671 64314
311252977 80680 64308
311252977 80669 64308
311252977 80652 64294
311252977 80661 64301
311252977 80657 64293
311252977 80659 64312
311252977 80653 64305
311252977 80668 64324
311252977 80666 64319
311252977 80678 64324
311252977 80664 64324
311252977 80666 64315
311252977 80680 64323
311252977 80655 64305
311252977 80655 64319
311252977 80623 64297
311252977 80650 64298
311252977 80647 64295
311252977 80644 64290
311252977 80614 64276
311252977 80621 64263
311252977 80600 64247
311252977 80600 64254
311252977 80615 64270
311252977 80616 64265
311252977 80645 64297
311252977 80632 64282
311252977 80643 64300
311252977 80679 64334
311252977 80682 64342
311252977 80752 64419
311252977 80748 64420
311252977 80727 64383
311252977 80696 64356
311252977 80684 64345
311252977 80682 64353
311252977 80711 64384
311252977 80716 64382
311252977 80730 64398
311252977 80736 64408
311252977 80749 64428
311252977 80727 64402
311252977 80709 64383
311252977 80707 64386
311252977 80686 64364
311252977 80697 64359
311252977 80678 64362
311252977 80669 64353
311252977 80683 64354
311252977 80679 64363
311252977 80698 64373
311252977 80678 64351
311252977 80680 64348
311252977 80677 64356
311252977 80681 64352
311252977 80668 64369
311252977 80671 64346
311252977 80668 64339
311252977 80657 64330
311252977 80651 64326
311252977 80644 64327
311252977 80635 64311
311252977 80650 64320
311252977 80631 64309
311252977 80643 64315
311252977 80631 64312
311252977 80632 64315
311252977 80627 64301
311252977 80614 64301
311252977 80621 64298
311252977 80615 64300
311252977 80605 64309
311252977 80625 64309
311252977 80622 64314
311252977 80635 64325
311252977 80643 64338
311252977 80641 64333
311252977 80631 64340
311252977 80639 64343
311252977 80633 64346
311252977 80640 64355
311252977 80644 64353
311252977 80656 64379
311252977 80662 64378
311252977 80657 64385
311252977 80675 64395
311252977 80666 64394
311252977 80676 64414
311252977 80693 64416
311252977 80688 64426
311252977 80691 64429
311252977 80686 64438
311252977 80694 64438
311252977 80710 64450
311252977 80713 64457
311252977 80702 64464
311252977 80717 64475
311252977 80713 64468
311252977 80716 64480
311252977 80716 64479
311252977 80703 64472
311252977 80702 64464
311252977 80709 64469
311252977 80697 64480
311252977 80703 64466
311252977 80706 64465
311252977 80688 64453
311252977 80679 64446
311252977 80669 64434
311252977 80655 64432
311252977 80652 64430
311252977 80660 64441
311252977 80678 64447
311252977 80674 64443
311252977 80668 64446
311252977 80675 64468
311252977 80686 64465
311252977 80683 64463
311252977 80681 64483
311252977 80677 64493
311252977 80703 64499
311252977 80704 64493
311252977 80687 64486
311252977 80686 64497
311252977 80678 64485
311252977 80693 64490
311252977 80674 64483
311252977 80662 64471
311252977 80666 64462
311252977 80683 64470
311252977 80676 64478
311252977 80685 64482
311252977 80676 64474
311252977 80657 64462
311252977 80654 64460
311252977 80655 64465
311252977 80656 64465
311252977 80677 64478
311252977 80675 64473
311252977 80680 64494
311252977 80666 64481
311252977 80670 64480
311252977 80636 64436
311252977 80360 64140
311252977 80370 64141
311252977 80431 64210
311252977 80504 64287
311252977 80542 64333
311252977 80484 64263
311252977 80377 64152
311252977 80408 64187
311252977 80441 64239
311252977 80485 64270
311252977 80502 64285
311252977 80512 64311
311252977 80528 64329
311252977 80555 64363
311252977 80577 64381
311252977 80595 64400
311252977 80567 64385
311252977 80531 64338
311252977 80538 64336
311252977 80550 64352
311252977 80553 64344
311252977 80521 64338
311252977 80588 64395
311252977 80588 64395
311252977 80587 64419
311252977 80584 64412
311252977 80604 64418
311252977 80613 64436
311252977 80639 64447
311252977 80615 64436
311252977 80591 64415
311252977 80597 64414
311252977 80599 64416
311252977 80611 64428
311252977 80612 64416
311252977 80603 64411
311252977 80603 64409
311252977 80578 64400
311252977 80606 64415
311252977 80598 64417
311252977 80597 64415
311252977 80585 64399
311252977 80602 64396
311252977 80591 64403
311252977 80587 64391
311252977 80577 64390
311252977 80601 64410
311252977 80598 64398
311252977 80603 64407
311252977 80609 64409
311252977 80615 64426
311252977 80619 64429
311252977 80609 64420
311252977 80609 64409
311252977 80610 64415
311252977 80618 64416
311252977 80621 64425
311252977 80627 64426
311252977 80625 64432
311252977 80623 64430
311252977 80617 64423
311252977 80617 64432
311252977 80617 64429
311252977 80625 64428
311252977 80621 64425
311252977 80599 64411
311252977 80606 64418
311252977 80616 64432
311252977 80607 64407
311252977 80595 64408
311252977 80616 64408
311252977 80615 64413
311252977 80596 64389
311252977 80540 64341
311252977 80465 64249
311252977 80518 64306
311252977 80557 64348
311252977 80557 64369
311252977 80548 64344
311252977 80293 64046
311252977 80253 64020
311252977 80283 64043
311252977 80289 64052
311252977 80305 64062
311252977 80304 64057
311252977 80291 64059
311252977 80318 64057
311252977 80299 64061
311252977 80308 64060
311252977 80301 64054
311252977 80305 64045
311252977 80296 64043
311252977 80296 64042
311252977 80302 64057
311252977 80304 64055
311252977 80323 64067
311252977 80330 64072
311252977 80309 64057
311252977 80309 64056
311252977 80297 64040
311252977 80304 64044
311252977 80309 64049
311252977 80325 64058
311252977 80328 64064
311252977 80328 64066
311252977 80330 64071
311252977 80329 64073
311252977 80342 64075
311252977 80343 64076
311252977 80341 64085
311252977 80369 64087
311252977 80374 64095
311252977 80369 64094
311252977 80361 64098
311252977 80369 64096
311252977 80370 64097
311252977 80372 64098
311252977 80371 64106
311252977 80392 64109
311252977 80382 64116
311252977 80386 64107
311252977 80373 64091
311252977 80364 64098
311252977 80376 64088
311252977 80374 64091
311252977 80374 64102
311252977 80381 64098
311252977 80383 64099
311252977 80389 64101
311252977 80392 64106
311252977 80380 64112
311252977 80400 64108
311252977 80400 64109
311252977 80402 64120
311252977 80401 64118
311252977 80401 64118
311252977 80410 64121
311252977 80414 64124
311252977 80399 64124
311252977 80424 64129
311252977 80427 64118
311252977 80422 64128
311252977 80419 64136
311252977 80419 64120
311252977 80423 64126
311252977 80417 64129
311252977 80416 64125
311252977 80423 64121
311252977 80418 64119
311252977 80421 64127
311252977 80426 64121
311252977 80433 64126
311252977 80428 64130
311252977 80430 64136
311252977 80427 64139
311252977 80449 64147
311252977 80447 64143
311252977 80461 64152
311252977 80446 64152
311252977 80467 64163
311252977 80459 64159
311252977 80457 64160
311252977 80453 64165
311252977 80470 64159
311252977 80452 64158
311252977 80471 64161
311252977 80463 64163
311252977 80448 64160
311252977 80457 64154
311252977 80456 64154
311252977 80451 64163
311252977 80455 64154
311252977 80466 64161
311252977 80460 64158
311252977 80465 64153
311252977 80465 64154
311252977 80460 64158
311252977 80456 64148
311252977 80448 64158
311252977 80448 64137
311252977 80455 64141
311252977 80454 64144
311252977 80451 64141
311252977 80451 64153
311252977 80449 64148
311252977 80452 64152
311252977 80451 64158
311252977 80472 64157
311252977 80465 64161
311252977 80480 64172
311252977 80474 64160
311252977 80494 64184
311252977 80489 64185
311252977 80483 64182
311252977 80479 64191
311252977 80482 64186
311252977 80499 64196
311252977 80496 64191
311252977 80496 64189
311252977 80503 64203
311252977 80502 64205
311252977 80502 64202
311252977 80497 64202
311252977 80501 64201
311252977 80492 64194
311252977 80502 64192
311252977 80498 64205
311252977 80492 64210
311252977 80505 64211
311252977 80495 64203
311252977 80497 64206
311252977 80503 64208
311252977 80502 64198
311252977 80507 64201
311252977 80505 64191
311252977 80492 64203
311252977 80498 64203
311252977 80492 64195
311252977 80520 64235
311252977 80491 64190
311252977 80466 64164
311252977 80484 64196
311252977 80507 64190
311252977 80516 64222
311252977 80520 64217
311252977 80468 64170
311252977 80492 64190
311252977 80518 64215
311252977 80541 64239
311252977 80542 64237
311252977 80543 64251
311252977 80540 64251
311252977 80540 64239
311252977 80543 64241
311252977 80542 64248
311252977 80532 64234
311252977 80520 64228
311252977 80516 64218
311252977 80525 64224
311252977 80507 64225
311252977 80519 64226
311252977 80531 64226
311252977 80513 64230
311252977 80517 64224
311252977 80537 64237
311252977 80536 64243
311252977 80550 64248
311252977 80532 64244
311252977 80534 64245
311252977 80544 64248
311252977 80543 64249
311252977 80545 64240
311252977 80541 64248
311252977 80546 64247
311252977 80558 64254
311252977 80535 64253
311252977 80545 64249
311252977 80549 64249
311252977 80556 64260
311252977 80548 64251
311252977 80556 64262
311252977 80568 64262
311252977 80567 64267
311252977 80549 64271
311252977 80569 64261
311252977 80570 64262
311252977 80568 64267
311252977 80566 64261
311252977 80578 64273
311252977 80587 64283
311252977 80592 64285
311252977 80586 64300
311252977 80572 64260
311252977 80582 64270
311252977 80582 64278
311252977 80596 64275
311252977 80597 64278
311252977 80580 64262
311252977 80602 64278
311252977 80590 64271
311252977 80593 64271
311252977 80592 64268
311252977 80593 64260
311252977 80595 64257
311252977 80599 64248
311252977 80591 64252
311252977 80598 64253
311252977 80587 64261
311252977 80583 64246
311252977 80600 64251
311252977 80608 64250
311252977 80601 64253
311252977 80608 64254
311252977 80626 64267
311252977 80624 64269
311252977 80673 64332
311252977 80668 64310
311252977 80664 64298
311252977 80657 64291
311252977 80649 64278
311252977 80656 64294
311252977 80655 64290
311252977 80674 64301
311252977 80661 64301
311252977 80658 64295
311252977 80673 64306
311252977 80680 64311
311252977 80681 64310
311252977 80673 64314
311252977 80701 64336
311252977 80710 64328
311252977 80711 64341
311252977 80714 64345
311252977 80739 64346
311252977 80721 64339
311252977 80725 64340
311252977 80702 64334
311252977 80720 64331
311252977 80718 64340
311252977 80713 64335
311252977 80705 64328
311252977 80711 64322
311252977 80703 64314
311252977 80707 64302
311252977 80707 64314
311252977 80717 64323
311252977 80720 64323
311252977 80707 64319
311252977 80714 64314
311252977 80717 64310
311252977 80723 64312
311252977 80717 64315
311252977 80706 64309
311252977 80717 64316
311252977 80711 64308
311252977 80716 64312
311252977 80712 64310
311252977 80711 64302
311252977 80695 64297
311252977 80707 64306
311252977 80718 64321
311252977 80740 64329
311252977 80733 64327
311252977 80732 64334
311252977 80731 64337
311252977 80755 64343
311252977 80755 64343
311252977 80746 64340
311252977 80756 64358
311252977 80760 64350
311252977 80748 64338
311252977 80738 64322
311252977 80708 64302
311252977 80701 64282
311252977 80717 64298
311252977 80717 64304
311252977 80731 64320
311252977 80749 64334
311252977 80729 64311
311252977 80738 64322
311252977 80769 64362
311252977 80822 64398
311252977 80796 64380
311252977 80795 64375
311252977 80817 64412
311252977 80858 64442
311252977 80854 64442
311252977 80874 64457
311252977 80874 64452
311252977 80872 64456
311252977 80899 64467
311252977 80899 64474
311252977 80884 64459
311252977 80880 64449
311252977 80861 64443
311252977 80866 64432
311252977 80857 64420
311252977 80838 64398
311252977 80839 64394
311252977 80854 64406
311252977 80876 64437
311252977 80884 64435
311252977 80868 64420
311252977 80873 64429
311252977 80875 64424
311252977 80865 64422
311252977 80874 64417
311252977 80854 64402
311252977 80843 64399
311252977 80838 64379
311252977 80838 64375
311252977 80828 64376
311252977 80826 64368
311252977 80819 64360
311252977 80816 64354
311252977 80815 64342
311252977 80807 64340
311252977 80790 64314
311252977 80799 64313
311252977 80796 64327
311252977 80805 64328
311252977 80804 64332
311252977 80795 64311
311252977 80800 64313
311252977 80759 64273
311252977 80764 64270
311252977 80772 64277
311252977 80776 64286
311252977 80795 64310
311252977 80799 64309
311252977 80824 64329
311252977 80817 64329
311252977 80824 64328
311252977 80816 64326
311252977 80806 64316
311252977 80814 64317
311252977 80810 64318
311252977 80783 64295
311252977 80791 64281
311252977 80754 64262
311252977 80727 64204
311252977 80694 64190
311252977 80726 64211
311252977 80750 64242
311252977 80766 64255
311252977 80755 64245
311252977 80725 64215
311252977 80696 64179
311252977 80682 64168
311252977 80704 64171
311252977 80702 64166
311252977 80691 64159
311252977 80677 64152
311252977 80687 64165
311252977 80684 64153
311252977 80707 64170
311252977 80732 64189
311252977 80718 64186
311252977 80724 64185
311252977 80718 64183
311252977 80755 64230
311252977 80755 64246
311252977 80772 64233
311252977 80774 64249
311252977 80749 64222
311252977 80735 64194
311252977 80746 64219
311252977 80817 64289
311252977 80815 64287
311252977 80796 64283
311252977 80820 64297
311252977 80842 64315
311252977 80835 64303
311252977 80843 64317
311252977 80833 64311
311252977 80832 64295
311252977 80836 64313
311252977 80813 64306
311252977 80807 64288
311252977 80782 64263
311252977 80786 64259
311252977 80792 64266
311252977 80778 64249
311252977 80765 64239
311252977 80767 64228
311252977 80740 64211
311252977 80712 64165
311252977 80695 64144
311252977 80690 64137
311252977 80660 64111
311252977 80665 64107
311252977 80723 64177
311252977 80791 64251
311252977 80757 64237
311252977 80767 64218
311252977 80761 64206
311252977 80765 64221
311252977 80742 64203
311252977 80727 64190
311252977 80727 64184
311252977 80740 64189
311252977 80696 64158
311252977 80713 64163
311252977 80748 64205
311252977 80741 64186
311252977 80719 64162
311252977 80679 64135
311252977 80678 64125
311252977 80684 64128
311252977 80651 64083
311252977 80618 64044
311252977 80694 64108
311252977 80705 64129
311252977 80715 64139
311252977 80665 64101
311252977 80653 64081
311252977 80647 64050
311252977 80642 64055
311252977 80654 64063
311252977 80658 64056
311252977 80649 64051
311252977 80646 64049
311252977 80619 64025
311252977 80611 64002
311252977 80608 64000
311252977 80609 64013
311252977 80628 64023
311252977 80636 64008
311252977 80627 64016
311252977 80652 64042
311252977 80647 64044
311252977 80663 64054
311252977 80670 64060
311252977 80690 64084
311252977 80691 64074
311252977 80696 64071
311252977 80682 64067
311252977 80683 64067
311252977 80689 64063
311252977 80701 64079
311252977 80694 64083
311252977 80711 64094
311252977 80740 64117
311252977 80756 64137
311252977 80757 64136
311252977 80763 64139
311252977 80758 64150
311252977 80777 64151
311252977 80765 64144
311252977 80766 64143
311252977 80757 64141
311252977 80754 64122
311252977 80755 64123
311252977 80753 64117
311252977 80758 64143
311252977 80777 64146
311252977 80792 64160
311252977 80779 64159
311252977 80771 64150
311252977 80771 64145
311252977 80782 64152
311252977 80780 64154
311252977 80781 64163
311252977 80791 64171
311252977 80795 64173
311252977 80801 64178
311252977 80801 64178
311252977 80792 64184
311252977 80799 64176
311252977 80799 64178
311252977 80781 64181
311252977 80796 64172
311252977 80805 64191
311252977 80805 64188
311252977 80816 64198
311252977 80807 64199
311252977 80808 64192
311252977 80806 64193
311252977 80803 64205
311252977 80822 64215
311252977 80819 64207
311252977 80799 64189
311252977 80811 64207
311252977 80814 64215
311252977 80821 64223
311252977 80835 64241
311252977 80834 64248
311252977 80830 64241
311252977 80846 64255
311252977 80855 64269
311252977 80854 64271
311252977 80839 64295
311252977 80866 64296
311252977 80860 64310
311252977 80872 64320
311252977 80874 64316
311252977 80872 64326
311252977 80883 64328
311252977 80881 64327
311252977 80859 64325
311252977 80859 64318
311252977 80860 64315
311252977 80855 64323
311252977 80856 64321
311252977 80868 64332
311252977 80858 64318
311252977 80855 64319
311252977 80852 64323
311252977 80885 64349
311252977 80884 64362
311252977 80870 64349
311252977 80871 64361
311252977 80867 64353
311252977 80855 64346
311252977 80868 64355
311252977 80852 64348
311252977 80869 64354
311252977 80864 64347
311252977 80831 64320
311252977 80765 64234
311252977 80702 64166
311252977 80687 64167
311252977 80730 64211
311252977 80568 64056
311252977 80551 64033
311252977 80573 64044
311252977 80583 64052
311252977 80594 64080
311252977 80579 64070
311252977 80576 64057
311252977 80592 64078
311252977 80582 64092
311252977 80602 64088
311252977 80632 64115
311252977 80607 64091
311252977 80604 64097
311252977 80612 64097
311252977 80586 64084
311252977 80597 64087
311252977 80585 64094
311252977 80584 64087
311252977 80614 64119
311252977 80598 64106
311252977 80580 64066
311252977 80625 64117
311252977 80673 64165
311252977 80667 64173
311252977 80605 64124
311252977 80688 64184
311252977 80694 64191
311252977 80639 64143
311252977 80600 64095
311252977 80645 64126
311252977 80780 64286
311252977 80809 64315
311252977 80745 64262
311252977 80707 64180
311252977 80679 64169
311252977 80668 64152
311252977 80649 64123
311252977 80639 64128
311252977 80638 64122
311252977 80632 64123
311252977 80640 64141
311252977 80652 64138
311252977 80676 64169
311252977 80688 64171
311252977 80679 64162
311252977 80657 64159
311252977 80688 64182
311252977 80701 64202
311252977 80713 64222
311252977 80722 64233
311252977 80757 64260
311252977 80780 64288
311252977 80760 64268
311252977 80751 64267
311252977 80715 64216
311252977 80729 64241
311252977 80727 64260
311252977 80753 64257
311252977 80752 64267
311252977 80751 64262
311252977 80744 64270
311252977 80751 64259
311252977 80738 64251
311252977 80738 64242
311252977 80740 64250
311252977 80755 64264
311252977 80768 64281
311252977 80753 64272
311252977 80751 64281
311252977 80748 64273
311252977 80742 64263
311252977 80758 64272
311252977 80753 64275
311252977 80760 64282
311252977 80753 64264
311252977 80748 64265
311252977 80737 64253
311252977 80730 64247
311252977 80743 64259
311252977 80733 64257
311252977 80731 64263
311252977 80731 64248
311252977 80718 64233
311252977 80725 64233
311252977 80724 64239
311252977 80700 64229
311252977 80698 64218
311252977 80699 64214
311252977 80710 64230
311252977 80733 64252
311252977 80740 64256
311252977 80717 64232
311252977 80702 64213
311252977 80691 64205
311252977 80696 64202
311252977 80696 64198
311252977 80683 64201
311252977 80693 64191
311252977 80692 64183
311252977 80675 64186
311252977 80693 64196
311252977 80696 64203
311252977 80703 64195
311252977 80702 64191
311252977 80704 64208
311252977 80696 64178
311252977 80720 64201
311252977 80726 64213
311252977 80718 64203
311252977 80724 64213
311252977 80720 64211
311252977 80768 64267
311252977 80791 64291
311252977 80771 64266
311252977 80756 64249
311252977 80749 64241
311252977 80745 64227
311252977 80738 64234
311252977 80724 64215
311252977 80719 64202
311252977 80698 64203
311252977 80690 64183
311252977 80705 64185
311252977 80702 64179
311252977 80708 64182
311252977 80683 64160
311252977 80693 64147
311252977 80676 64144
311252977 80663 64137
311252977 80645 64101
311252977 80647 64105
311252977 80633 64097
311252977 80629 64088
311252977 80632 64090
311252977 80640 64094
311252977 80635 64091
311252977 80639 64096
311252977 80638 64086
311252977 80645 64100
311252977 80618 64062
311252977 80609 64057
311252977 80609 64051
311252977 80577 64012
311252977 80588 64019
311252977 80573 64018
311252977 80542 63978
311252977 80571 63991
311252977 80562 63992
311252977 80567 63983
311252977 80554 63988
311252977 80561 63974
311252977 80476 63887
311252977 80430 63839
311252977 80413 63810
311252977 80416 63804
311252977 80422 63809
311252977 80429 63810
311252977 80434 63825
311252977 80450 63832
311252977 80426 63806
311252977 80407 63792
311252977 80398 63774
311252977 80416 63779
311252977 80417 63789
311252977 80475 63840
311252977 80520 63899
311252977 80535 63908
311252977 80502 63885
311252977 80487 63873
311252977 80512 63882
311252977 80537 63906
311252977 80529 63903
311252977 80533 63899
311252977 80507 63888
311252977 80520 63890
311252977 80541 63913
311252977 80527 63896
311252977 80486 63855
311252977 80485 63858
311252977 80500 63861
311252977 80528 63899
311252977 80541 63917
311252977 80567 63934
311252977 80573 63946
311252977 80569 63953
311252977 80582 63954
311252977 80610 63971
311252977 80614 63986
311252977 80600 63984
311252977 80591 63973
311252977 80602 63968
311252977 80599 63966
311252977 80594 63970
311252977 80596 63964
311252977 80619 63983
311252977 80601 63968
311252977 80592 63959
311252977 80601 63956
311252977 80591 63965
311252977 80599 63956
311252977 80594 63962
311252977 80601 63960
311252977 80598 63962
311252977 80605 63970
311252977 80614 63969
311252977 80605 63979
311252977 80629 63987
311252977 80634 63993
311252977 80623 63990
311252977 80628 63983
311252977 80627 63982
311252977 80619 63980
311252977 80615 63971
311252977 80596 63956
311252977 80612 63952
311252977 80601 63940
311252977 80606 63948
311252977 80617 63963
311252977 80624 63972
311252977 80645 63993
311252977 80645 64000
311252977 80659 64020
311252977 80663 64018
311252977 80676 64030
311252977 80688 64050
311252977 80699 64055
311252977 80691 64049
311252977 80692 64054
311252977 80709 64061
311252977 80678 64050
311252977 80693 64054
311252977 80695 64049
311252977 80685 64051
311252977 80683 64050
311252977 80691 64051
311252977 80687 64054
311252977 80687 64054
311252977 80664 64040
311252977 80674 64033
311252977 80665 64025
311252977 80660 64032
311252977 80668 64018
311252977 80669 64021
311252977 80667 64029
311252977 80664 64022
311252977 80666 64037
311252977 80672 64029
311252977 80664 64027
311252977 80657 64032
311252977 80679 64030
311252977 80694 64047
311252977 80669 64031
311252977 80687 64040
311252977 80688 64067
311252977 80742 64117
311252977 80776 64150
311252977 80794 64169
311252977 80762 64136
311252977 80748 64117
311252977 80780 64155
311252977 80786 64160
311252977 80793 64170
311252977 80808 64175
311252977 80795 64174
311252977 80774 64156
311252977 80768 64146
311252977 80765 64130
311252977 80727 64092
311252977 80626 63984
311252977 80616 63975
311252977 80617 63960
311252977 80611 63961
311252977 80593 63928
311252977 80562 63894
311252977 80557 63891
311252977 80578 63907
311252977 80579 63908
311252977 80552 63903
311252977 80573 63904
311252977 80593 63926
311252977 80615 63956
311252977 80631 63981
311252977 80644 63965
311252977 80644 63973
311252977 80641 63964
311252977 80615 63959
311252977 80632 63968
311252977 80652 63974
311252977 80663 63992
311252977 80686 64007
311252977 80666 63989
311252977 80671 64000
311252977 80689 64025
311252977 80711 64052
311252977 80712 64033
311252977 80721 64043
311252977 80727 64047
311252977 80720 64043
311252977 80711 64037
311252977 80714 64038
311252977 80708 64030
311252977 80690 64009
311252977 80706 64029
311252977 80718 64036
311252977 80767 64082
311252977 80781 64083
311252977 80777 64087
311252977 80766 64081
311252977 80765 64087
311252977 80745 64072
311252977 80720 64050
311252977 80758 64067
311252977 80765 64097
311252977 80744 64066
311252977 80697 64014
311252977 80679 63996
311252977 80696 63998
311252977 80692 64013
311252977 80700 64014
311252977 80718 64035
311252977 80711 64011
311252977 80689 63995
311252977 80673 63969
311252977 80645 63942
311252977 80666 63972
311252977 80653 63961
311252977 80693 63993
311252977 80704 64010
311252977 80719 64017
311252977 80719 64037
311252977 80722 64024
311252977 80722 64030
311252977 80715 64025
311252977 80719 64041
311252977 80721 64037
311252977 80723 64033
311252977 80738 64041
311252977 80739 64046
311252977 80724 64059
311252977 80740 64060
311252977 80739 64049
311252977 80739 64057
311252977 80743 64062
311252977 80754 64064
311252977 80740 64051
311252977 80744 64062
311252977 80731 64059
311252977 80752 64060
311252977 80752 64074
311252977 80736 64069
311252977 80749 64064
311252977 80746 64066
311252977 80749 64072
311252977 80759 64071
311252977 80749 64087
311252977 80771 64096
311252977 80758 64079
311252977 80740 64084
311252977 80749 64082
311252977 80745 64071
311252977 80749 64087
311252977 80755 64080
311252977 80752 64101
311252977 80760 64095
311252977 80771 64102
311252977 80750 64093
311252977 80746 64086
311252977 80753 64083
311252977 80749 64081
311252977 80762 64095
311252977 80744 64095
311252977 80755 64098
311252977 80743 64090
311252977 80754 64100
311252977 80759 64105
311252977 80748 64093
311252977 80739 64086
311252977 80745 64091
311252977 80730 64095
311252977 80749 64096
311252977 80738 64094
311252977 80746 64095
311252977 80750 64102
311252977 80756 64106
311252977 80740 64094
311252977 80739 64096
311252977 80733 64091
311252977 80734 64082
311252977 80740 64090
311252977 80749 64102
311252977 80753 64113
311252977 80767 64115
311252977 80753 64119
311252977 80750 64120
311252977 80745 64112
311252977 80756 64117
311252977 80777 64141
311252977 80777 64147
311252977 80794 64163
311252977 80802 64176
311252977 80803 64172
311252977 80784 64154
311252977 80774 64152
311252977 80788 64163
311252977 80802 64178
311252977 80802 64195
311252977 80814 64193
311252977 80823 64188
311252977 80806 64195
311252977 80811 64191
311252977 80789 64176
311252977 80785 64174
311252977 80765 64132
311252977 80733 64124
311252977 80735 64110
311252977 80733 64087
311252977 80699 64062
311252977 80690 64051
311252977 80672 64033
311252977 80667 64020
311252977 80672 64022
311252977 80657 64013
311252977 80642 64000
311252977 80649 63999
311252977 80658 64017
311252977 80662 64022
311252977 80647 64018
311252977 80671 64035
311252977 80673 64035
311252977 80695 64056
311252977 80704 64059
311252977 80711 64067
311252977 80715 64084
311252977 80724 64083
311252977 80706 64085
311252977 80716 64091
311252977 80733 64109
311252977 80754 64121
311252977 80749 64108
311252977 80736 64100
311252977 80717 64081
311252977 80704 64064
311252977 80684 64056
311252977 80670 64034
311252977 80682 64035
311252977 80692 64055
311252977 80684 64039
311252977 80690 64048
311252977 80688 64054
311252977 80688 64045
311252977 80696 64063
311252977 80704 64065
311252977 80698 64066
311252977 80704 64083
311252977 80709 64076
311252977 80712 64071
311252977 80704 64072
311252977 80697 64074
311252977 80691 64072
311252977 80704 64064
311252977 80701 64065
311252977 80699 64070
311252977 80715 64076
311252977 80713 64072
311252977 80715 64071
311252977 80712 64071
311252977 80692 64058
